68
330
108
330
148
330
188
330
229
330
269
330
309
330
349
330
389
330
430
330
430
295
389
295
349
295
309
295
269
295
229
295
188
295
148
295
108
295
68
295
68
263
108
263
148
263
188
263
229
263
269
263
309
263
349
263
389
263
430
263
430
228
389
228
349
228
309
228
269
228
229
228
188
228
148
228
108
228
68
228
68
193
108
193
148
193
188
193
229
193
269
193
309
193
349
193
389
193
430
193
430
158
389
158
349
158
309
158
269
158
229
158
188
158
148
158
108
158
68
158
68
126
108
126
148
126
188
126
229
126
269
126
309
126
349
126
389
126
430
126
430
91
389
91
349
91
309
91
269
91
229
91
188
91
148
91
108
91
68
91
68
60
108
60
148
60
188
60
229
60
269
60
309
60
349
60
389
60
430
60
430
25
389
25
349
25
309
25
269
25
229
25
188
25
148
25
108
25
68
25